-0.7499999 0.24999987
-0.7500000000000002 -0.75
-1.0000000000000007 -1.9999999999999998
-1.868033988749894 -1.868033988749895
-2.118033988749898 -2.8027756377319974
-2.855179256846693 -2.8551792568466934
-3.1284190638445772 -3.651093408937172
-3.797299783937005 -3.7972997839370155
-4.092207346738666 -4.515446354492044
-4.7189363625243965 -4.718936362524395
-5.38739091744521 -5.031543403742436
-5.629584329744316 -5.629584329744308
-6.2635495335470415 -5.956443823978621
-6.533667572465746 -6.533667572465761
-7.142296360616781 -6.872106678366447
-7.433520165292469 -7.433520165292439
-8.022749087033757 -7.781499637143148
-8.330488454274237 -8.330488454274224
-8.904386529876447 -8.686440986186971
